#1 : 2048,512,256,128,64,32,32,16,16,8,8,4,4,2,2,2
#2 : 2048,1024,512,128,64,32,32,32,16,16,16,4,4,2,2,2
#3 : 1024,512,256,128,32,32,16,8,8,8,4,4,4,4,2,2
#4 : 2048,1024,512,256,128,32,32,32,16,8,8,8,4,2,2,2
#5 : 2048,1024,512,256,128,64,32,32,16,8,8,8,4,2,2,2
#6 : 2048,1024,512,256,128,64,32,32,32,8,4,4,4,2,2,2
#7 : 512,256,128,64,32,16,8,8,8,4,4,4,2,2,2,2
#8 : 2048,1024,512,256,128,64,32,32,32,16,8,8,4,4,4,2
#9 : 2048,1024,512,256,128,64,32,16,16,8,8,4,4,4,2,2
#10 : 2048,1024,512,256,128,64,16,16,16,8,8,4,4,2,2,2
#11 : 4096,1024,512,256,64,32,32,8,8,8,4,4,2,2,2,2
#12 : 2048,1024,512,256,64,32,32,16,16,16,16,8,4,4,2,2
#13 : 1024,512,256,128,64,64,32,32,32,8,8,8,4,4,4,2
#14 : 2048,1024,512,256,64,32,16,16,8,8,8,4,4,4,2,2
#15 : 2048,1024,512,256,128,64,16,16,16,8,8,8,4,4,4,2
#16 : 2048,1024,512,128,32,32,16,16,8,4,4,4,2,2,2,2
#17 : 1024,512,256,128,64,32,32,16,16,8,8,4,4,2,2,2
#18 : 2048,1024,512,128,64,64,32,16,8,8,8,4,4,2,2,2
#19 : 2048,1024,512,256,128,64,64,16,8,8,4,4,2,2,2,2
#20 : 2048,1024,512,256,128,32,16,16,16,8,4,4,4,4,4,2
#21 : 2048,1024,256,128,64,64,8,8,4,4,4,4,2,2,2,2
#22 : 2048,1024,512,128,64,64,64,16,16,8,8,4,4,2,2,2
#23 : 2048,1024,256,128,64,32,16,16,8,8,8,4,4,2,2,2
#24 : 1024,512,256,128,128,16,16,4,4,4,4,2,2,2,2,2
#25 : 2048,512,256,128,64,32,32,16,16,8,4,4,4,2,2,2
#26 : 2048,1024,512,128,64,32,32,16,8,8,4,4,4,4,2,2
#27 : 2048,1024,512,128,64,64,32,16,8,4,4,4,4,2,2,2
#28 : 1024,512,256,128,64,32,32,32,16,8,4,4,4,2,2,2
#29 : 2048,512,256,128,64,64,32,16,8,8,8,8,4,4,2,2
#30 : 2048,1024,256,128,64,32,16,16,8,8,4,4,4,2,2,2
#31 : 2048,1024,512,256,128,64,32,16,16,8,8,8,4,4,4,2
#32 : 2048,1024,512,256,128,64,64,32,16,8,8,4,4,4,2,2
#33 : 2048,1024,512,256,128,32,16,16,16,8,8,8,8,4,2,2
#34 : 2048,1024,512,256,128,32,32,16,8,8,4,4,2,2,2,2
#35 : 2048,1024,512,128,64,32,16,16,8,8,8,4,2,2,2,2
#36 : 2048,1024,512,128,64,16,8,8,4,4,4,4,2,2,2,2
#37 : 4096,1024,512,256,128,64,32,16,8,4,4,4,4,2,2,2
#38 : 2048,1024,512,256,128,64,32,16,16,8,8,4,4,4,2,2
#39 : 2048,1024,512,256,128,64,32,16,16,8,8,8,8,4,4,2
#40 : 2048,1024,512,256,128,64,64,16,16,16,8,8,4,4,4,2
#41 : 2048,1024,512,256,128,32,16,16,16,8,8,4,4,2,2,2
#42 : 4096,2048,512,256,128,64,32,16,16,8,8,4,4,4,2,2
#43 : 1024,512,256,128,64,32,32,16,8,8,8,4,4,2,2,2
#44 : 2048,1024,512,256,128,32,32,16,16,16,8,4,4,2,2,2
#45 : 4096,1024,256,128,64,32,32,32,16,16,16,8,4,4,2,2
#46 : 2048,1024,512,256,32,16,16,8,8,4,4,4,4,2,2,2
#47 : 2048,512,256,128,64,32,16,16,8,8,4,4,4,4,2,2
#48 : 512,256,128,64,32,32,8,8,4,4,4,4,4,2,2,2
#49 : 2048,1024,512,256,128,64,32,16,16,16,8,8,4,4,2,2
#50 : 4096,256,128,64,32,32,16,8,8,8,4,4,4,4,2,2
#51 : 1024,512,256,128,32,32,16,16,16,8,4,4,4,2,2,2
#52 : 4096,2048,256,128,64,32,32,16,8,8,4,4,4,4,2,2
#53 : 4096,2048,1024,256,128,64,32,32,16,8,8,8,4,4,2,2
#54 : 4096,1024,512,256,128,64,32,16,16,8,8,4,4,2,2,2
#55 : 2048,512,256,128,64,16,8,4,4,4,4,4,2,2,2,2
#56 : 2048,1024,512,256,128,64,32,32,8,4,4,4,4,2,2,2
#57 : 2048,1024,512,256,128,32,32,16,16,8,8,8,4,4,2,2
#58 : 1024,512,256,128,64,32,16,8,8,4,4,4,2,2,2,2
#59 : 2048,1024,512,256,128,64,64,32,16,8,8,8,4,2,2,2
#60 : 2048,512,256,128,64,64,32,16,8,4,4,4,2,2,2,2
#61 : 2048,1024,512,256,128,64,32,16,8,8,8,4,4,4,2,2
#62 : 2048,1024,512,256,128,64,32,32,8,8,8,4,2,2,2,2
#63 : 1024,512,256,128,64,64,16,8,8,8,8,4,4,2,2,2
#64 : 1024,512,256,128,64,32,32,32,8,8,8,4,4,4,2,2
#65 : 4096,1024,512,128,64,32,32,16,16,8,8,4,4,4,2,2
#66 : 2048,1024,512,256,128,64,32,32,16,8,8,8,4,4,2,2
#67 : 2048,1024,512,256,128,64,32,32,16,16,8,4,4,2,2,2
#68 : 2048,1024,512,256,128,64,32,16,16,8,8,8,4,4,2,2
#69 : 2048,1024,512,256,128,64,32,32,16,16,8,8,4,4,2,2
#70 : 2048,1024,512,128,64,64,32,16,16,8,8,4,4,2,2,2
#71 : 2048,1024,512,256,128,64,32,32,8,8,8,8,4,2,2,2
#72 : 2048,512,128,32,16,16,8,4,4,4,4,2,2,2,2,2
#73 : 2048,1024,512,256,128,64,32,32,16,16,8,4,4,4,2,2
#74 : 4096,1024,512,128,64,32,32,32,16,16,4,4,4,4,2,2
#75 : 2048,1024,512,256,128,64,64,32,8,8,4,4,2,2,2,2
#76 : 4096,1024,512,256,128,64,32,16,16,16,8,8,4,4,2,2
#77 : 2048,1024,512,256,128,64,32,32,16,8,8,8,4,2,2,2
#78 : 2048,1024,256,128,64,64,32,16,16,16,8,8,4,4,2,2
#79 : 2048,1024,128,64,32,16,16,8,8,8,4,4,4,4,4,2
#80 : 2048,512,256,128,64,32,16,8,8,8,8,4,4,4,2,2
#81 : 2048,1024,512,256,64,32,16,8,8,4,4,4,2,2,2,2
#82 : 2048,1024,512,256,128,32,16,16,16,8,8,4,4,4,2,2
#83 : 4096,1024,512,256,128,64,32,8,8,8,4,4,4,4,2,2
#84 : 512,256,128,64,32,16,8,8,8,4,4,4,2,2,2,2
#85 : 2048,512,256,64,32,32,16,8,8,8,4,4,2,2,2,2
#86 : 2048,1024,512,256,128,64,32,16,16,8,8,8,4,4,2,2
#87 : 1024,512,256,128,64,32,32,16,16,8,4,4,2,2,2,2
#88 : 4096,512,256,128,128,16,16,8,8,8,4,4,2,2,2,2
#89 : 1024,512,256,128,64,32,32,16,8,8,8,4,4,4,4,2
#90 : 4096,1024,256,128,64,32,16,8,4,4,4,4,2,2,2,2
#91 : 2048,1024,512,256,128,128,16,16,16,8,8,4,4,2,2,2
#92 : 2048,1024,512,256,128,64,64,16,16,8,4,4,4,2,2,2
#93 : 4096,1024,512,256,64,32,32,16,16,16,8,4,4,4,2,2
#94 : 4096,2048,256,128,64,32,32,16,16,8,8,4,4,2,2,2
#95 : 2048,512,256,128,64,32,16,16,8,8,8,4,2,2,2,2
#96 : 4096,512,128,64,32,32,32,16,8,8,4,4,4,4,2,2
#97 : 2048,1024,512,256,128,64,32,32,16,8,8,4,4,2,2,2
#98 : 2048,1024,512,256,128,64,32,16,16,8,8,4,4,2,2,2
#99 : 2048,1024,512,256,128,64,16,16,8,8,4,4,4,2,2,2
#100 : 2048,1024,512,256,128,64,32,32,32,8,8,8,4,4,2,2
